3900 -461 89 12 -3 -14 -57 -76 -84 88 -112 -113 -81 -17 -9 -115 -27 86 -16
E5FE 57 -99 -47 88 46 14 -49 -18 44 -76 -81 66 -79 55 48 7 -106 107
3FE9 263 -80 22 57 -30 -93 -105 -12 20 -88 -9 -77 66 14 104 58 -45 61
B5E6 -83 71 8 -92 -41 -3 -45 108 66 10 -16 38 -100 -11 -112 33 77 9
21E3 -80 45 33 -20 127 74 106 -55 7 -57 -2 6 91 76 57 -16 -58 124
2E8B -416 -72 -50 -47 88 -96 69 67 111 0 -123 -70 8 46 -71 22 94 -48
E84E -506 84 6 -37 -74 24 -27 -50 63 -46 -128 37 122 -119 -71 57 29 -6
1DA8 -19 45 -88 -85 120 -93 -64 -63 115 -44 7 88 -20 -26 31 76 63 96
E729 -265 -37 -13 -96 45 -118 -11 -16 -125 -92 -98 -11 -94 -112 41 -92 -7 14
F888 -74 38 -61 114 -4 114 80 -31 -80 -79 92 53 88 82 111 -101 -78 -97
CE24 182 -73 -1 -30 -31 101 -57 88 -35 14 108 -1 -90 98 -78 -103 -121 -81
7906 -172 4 120 118 -19 77 -98 -44 66 -127 71 7 104 18 88 121 -49 -31
97EA -67 -86 -97 32 -99 -103 116 -48 -99 -87 -33 -93 -94 -8 78 -67 -2 -108
29F9 346 68 33 5 -24 32 -6 7 74 -61 25 106 33 -91 -124 106 -77 -91
6D22 31 -67 50 -93 -3 61 17 -48 96 26 -124 25 -75 -60 7 -69 -74 -49
8B71 65 54 -21 47 -24 7 122 0 -102 -81 88 13 -106 -127 42 -62 6 -46
E238 363 43 -124 -71 -90 -52 -110 61 -53 92 -63 -107 29 58 -108 55 -21 -1
34A1 212 99 80 -49 -7 -45 -38 83 -116 -37 42 82 -1 8 -47 -73 67 -109
F0FE -57 -49 107 51 28 -12 -14 -116 -30 76 40 14 -93 14 51 76 41 -114
3B0E 22 -55 7 -109 -73 94 48 32 95 -69 69 -31 2 -106 95 -128 -28 58